((("$otherAuthor" .
   [0 0 0 0 0 0 1 0 0 0 0 0])
  ("$after" .
   [1 0 0 0 0 0])
  ("$before" .
   [1 0 0 0 0 0 0])
  ("$total" .
   [1 0 0 0 0 0])
  ("$a" .
   [1 0])
  ("$b" .
   [2 0])
  ("$restAfter" .
   [0 0 0 0 0 0 2 0 0 0])
  ("$rest" .
   [2 0 0 0 0])
  ("$exclude" .
   [1 0 0 0 0 0 0 0])
  ("getPublishedDate" .
   [0 0 0 0 0 1 0 0 0 0 0 0 0 0 0 0])
  ("$version" .
   [1 0 0 0 0 0 0 0])
  ("$position" .
   [1 0 0 0 0 0 0 0 0])
  ("contentId" .
   [2 0 0 0 0 0 0 0 0])
  ("content" .
   [0 0 0 0 0 1 0])
  ("default" .
   [0 0 0 0 0 0 1])
  ("break" .
   [0 0 0 0 1])
  ("array" .
   [0 0 0 1 1])
  ("r" .
   [1])
  ("$" .
   [3])
  ("$date" .
   [3 0 0 0 0])
  ("$additionalFilters" .
   [0 0 0 0 0 0 0 0 0 0 0 1 0 0 0 0 0 0])
  ("switch" .
   [0 0 0 0 1 0])
  ("Swish" .
   [0 0 0 1 0])
  ("$ret" .
   [1 0 0 0])
  ("_getItems" .
   [0 0 0 0 0 1 0 0 0])
  ("vd" .
   [5 0])
  ("$authorId" .
   [2 0 0 0 0 0 0 0 0])
  ("_getSearch" .
   [1 0 0 0 0 0 0 0 0 0])
  ("$this" .
   [4 0 0 0 0])
  ("return" .
   [0 0 0 0 2 0])
  ("get" .
   [1 0 0])
  ("G" .
   [2])
  ("false" .
   [1 0 0 0 0])
  ("PHP_INT_MAX" .
   [0 0 0 1 0 0 0 0 0 0 0])))
